[Relative Pressure]
fila_0 = 0.057819
fila_1 = 0.100566
fila_2 = 0.145326
fila_3 = 0.19826
fila_4 = 0.245523
fila_5 = 0.298912
fila_6 = 0.345685
fila_7 = 0.397414
fila_8 = 0.446178
fila_9 = 0.496796
fila_10 = 0.546397
fila_11 = 0.600371
fila_12 = 0.646241
fila_13 = 0.695489
fila_14 = 0.745985
fila_15 = 0.80016
fila_16 = 0.847077
fila_17 = 0.900213
fila_18 = 0.947051
fila_19 = 0.995837
fila_20 = 0.989192
fila_21 = 0.952844
fila_22 = 0.890466
fila_23 = 0.847719
fila_24 = 0.791452
fila_25 = 0.750696
fila_26 = 0.685266
fila_27 = 0.645441
fila_28 = 0.589065
fila_29 = 0.536052
fila_30 = 0.488896
fila_31 = 0.444064
fila_32 = 0.388259
fila_33 = 0.333232
fila_34 = 0.292325
fila_35 = 0.235697
fila_36 = 0.181991
fila_37 = 0.143976
fila_38 = 0.085278
fila_39 = 0.03396

[Volume @ STP]
fila_0 = 1.4792
fila_1 = 1.6341
fila_2 = 1.7706
fila_3 = 1.922
fila_4 = 2.051
fila_5 = 2.2079
fila_6 = 2.3501
fila_7 = 2.519
fila_8 = 2.6826
fila_9 = 2.8582
fila_10 = 3.0475
fila_11 = 3.3125
fila_12 = 3.5703
fila_13 = 3.8544
fila_14 = 4.2032
fila_15 = 4.6998
fila_16 = 5.3003
fila_17 = 6.3508
fila_18 = 8.1128
fila_19 = 16.5037
fila_20 = 16.5967
fila_21 = 10.519
fila_22 = 7.3669
fila_23 = 6.4336
fila_24 = 5.6586
fila_25 = 5.2125
fila_26 = 4.6439
fila_27 = 4.3603
fila_28 = 4.009
fila_29 = 3.7187
fila_30 = 3.3646
fila_31 = 2.8638
fila_32 = 2.6017
fila_33 = 2.4021
fila_34 = 2.2657
fila_35 = 2.0736
fila_36 = 1.905
fila_37 = 1.7804
fila_38 = 1.576
fila_39 = 1.3376

[1 / [ W((P/Po) - 1) ]]
fila_0 = 33.194
fila_1 = 54.747
fila_2 = 76.838
fila_3 = 102.94
fila_4 = 126.95
fila_5 = 154.5
fila_6 = 179.87
fila_7 = 209.49
fila_8 = 240.28
fila_9 = 276.37
fila_10 = 316.25
fila_11 = 362.88
fila_12 = 409.39
fila_13 = 474.11
fila_14 = 559.04
fila_15 = 681.65
fila_16 = 836.19
fila_17 = 1136.6
fila_18 = 1764.0
fila_19 = 11597.0
fila_20 = 4412.3
fila_21 = 1537.0
fila_22 = 882.95
fila_23 = 692.31
fila_24 = 536.61
fila_25 = 462.21
fila_26 = 375.13
fila_27 = 334.05
fila_28 = 286.09
fila_29 = 248.6
fila_30 = 227.47
fila_31 = 223.16
fila_32 = 195.19
fila_33 = 166.47
fila_34 = 145.87
fila_35 = 118.99
fila_36 = 93.443
fila_37 = 75.586
fila_38 = 47.331
fila_39 = 21.027

[Slope]
fila_0 = 574.1047
fila_1 = 544.3899
fila_2 = 528.7267
fila_3 = 519.2234
fila_4 = 517.0519
fila_5 = 516.8858
fila_6 = 520.3285
fila_7 = 527.1222
fila_8 = 538.5378
fila_9 = 556.3102
fila_10 = 578.7992
fila_11 = 604.4203
fila_12 = 633.4958
fila_13 = 681.6977
fila_14 = 749.3956
fila_15 = 851.8959
fila_16 = 987.1448
fila_17 = 1262.5475
fila_18 = 1862.6176
fila_19 = 11645.6309
fila_20 = 4460.4838
fila_21 = 1613.0157
fila_22 = 991.554
fila_23 = 816.675
fila_24 = 678.0101
fila_25 = 615.7047
fila_26 = 547.4217
fila_27 = 517.5454
fila_28 = 485.6755
fila_29 = 463.7593
fila_30 = 465.2785
fila_31 = 502.547
fila_32 = 502.7248
fila_33 = 499.5554
fila_34 = 499.0157
fila_35 = 504.8489
fila_36 = 513.4475
fila_37 = 524.9883
fila_38 = 555.0198
fila_39 = 619.1785

[Surf. Area]
fila_0 = 6.066
fila_1 = 6.3971
fila_2 = 6.5866
fila_3 = 6.7072
fila_4 = 6.7353
fila_5 = 6.7375
fila_6 = 6.6929
fila_7 = 6.6067
fila_8 = 6.4666
fila_9 = 6.26
fila_10 = 6.0168
fila_11 = 5.7617
fila_12 = 5.4973
fila_13 = 5.1086
fila_14 = 4.6471
fila_15 = 4.088
fila_16 = 3.5279
fila_17 = 2.7583
fila_18 = 1.8697
fila_19 = 0.299
fila_20 = 0.7807
fila_21 = 2.159
fila_22 = 3.5122
fila_23 = 4.2643
fila_24 = 5.1364
fila_25 = 5.6561
fila_26 = 6.3617
fila_27 = 6.7289
fila_28 = 7.1705
fila_29 = 7.5093
fila_30 = 7.4848
fila_31 = 6.9297
fila_32 = 6.9273
fila_33 = 6.9712
fila_34 = 6.9788
fila_35 = 6.8981
fila_36 = 6.7826
fila_37 = 6.6335
fila_38 = 6.2746
fila_39 = 5.6244

